
Call:
lm(formula = sqsalary ~ GP + GS + nlatt + nlattcom + nlcompPer + 
    nlyds + YDS.ATT + nltd, data = Norm_OFF_Salary)

Residuals:
    Min      1Q  Median      3Q 
-3.8028 -0.6919  0.1158  0.7098 
    Max 
 3.0042 

Coefficients:
            Estimate Std. Error
(Intercept)  1.33216    0.39079
GP          -0.03165    0.03216
GS           0.10959    0.03060
nlatt       -0.50237    0.49393
nlattcom     0.26096    0.56247
nlcompPer    0.07796    0.18994
nlyds        0.09890    0.28933
YDS.ATT     -0.08905    0.03559
nltd         0.55884    0.26498
            t value Pr(>|t|)    
(Intercept)   3.409 0.000932 ***
GP           -0.984 0.327334    
GS            3.582 0.000523 ***
nlatt        -1.017 0.311489    
nlattcom      0.464 0.643663    
nlcompPer     0.410 0.682343    
nlyds         0.342 0.733183    
YDS.ATT      -2.502 0.013928 *  
nltd          2.109 0.037372 *  
---
Signif. codes:    0 ‘***’ 0.001 ‘**’ 0.01 ‘*’
  0.05 ‘.’ 0.1 ‘ ’ 1

Residual standard error: 1.151 on 103 degrees of freedom
Multiple R-squared:  0.6486,	Adjusted R-squared:  0.6213 
F-statistic: 23.76 on 8 and 103 DF,  p-value: < 2.2e-16

(Intercept)          GP 
 1.33215844 -0.03164638 
         GS       nlatt 
 0.10959429 -0.50237184 
   nlattcom   nlcompPer 
 0.26095787  0.07795837 
      nlyds     YDS.ATT 
 0.09889753 -0.08905035 
       nltd 
 0.55884336 
                  2.5 %
(Intercept)  0.55711217
GP          -0.09541848
GS           0.04891262
nlatt       -1.48195717
nlattcom    -0.85456946
nlcompPer   -0.29874853
nlyds       -0.47491367
YDS.ATT     -0.15964166
nltd         0.03331059
                 97.5 %
(Intercept)  2.10720472
GP           0.03212572
GS           0.17027596
nlatt        0.47721350
nlattcom     1.37648520
nlcompPer    0.45466527
nlyds        0.67270872
YDS.ATT     -0.01845904
nltd         1.08437614
          1           2 
 5.42634943  5.49634688 
          3           4 
 5.09300712  5.19146210 
          5           6 
 5.14245932  4.34319081 
          7           8 
 5.01490943  5.04586135 
          9          10 
 5.15747516  5.06112642 
         11          12 
 4.79474877  4.83533006 
         13          14 
 5.20734823  4.88982023 
         15          16 
 4.67196753  5.02622018 
         17          18 
 4.64512742  4.78681807 
         19          20 
 4.65045688  5.02224749 
         21          22 
 4.29714692  4.28165738 
         23          24 
 3.45842775  4.40643839 
         25          26 
 4.12289995  4.20869015 
         27          28 
 3.49580819  3.83678824 
         29          30 
 3.73544684  3.32655397 
         31          32 
 3.19267330  2.95135716 
         33          34 
 2.39321602  2.64376226 
         35          36 
 3.12096303  2.46844786 
         37          38 
 2.57013825  2.65437154 
         39          40 
 2.80786087  2.80705343 
         41          42 
 1.98749272  2.21037302 
         43          44 
 2.26743847  2.52052780 
         45          46 
 2.36396797  2.33605080 
         47          48 
 2.08276113  2.04023748 
         49          50 
 2.28968929  1.76846177 
         51          52 
 1.53467285  0.79501527 
         53          54 
 1.53819413  1.02886105 
         55          56 
 1.59424484  1.10412350 
         57          58 
 1.40623556  1.46187282 
         59          60 
 1.30630848  1.24266828 
         61          62 
 1.56036990  2.93221283 
         63          64 
 3.03422652  3.02661063 
         65          66 
 2.37198076  1.15698311 
         67          68 
 0.66702647  2.16870809 
         69          70 
 1.13913006  0.93071421 
         71          72 
 1.28265800  1.87831203 
         73          74 
 2.04174087  1.20815027 
         75          76 
 3.86171880  2.80931869 
         77          78 
 2.35658374  2.18970088 
         79          80 
 1.93372579  1.89943899 
         81          82 
 0.50523509  1.70257070 
         83          84 
 1.11929270  0.86002964 
         85          86 
 1.09426563  1.18744915 
         87          88 
 1.31495321  1.04134479 
         89          90 
 3.32688841  1.22368497 
         91          92 
 1.29027131  0.82493337 
         93          94 
 2.23482956  1.07174190 
         95          96 
 1.30051206  1.83118665 
         97          98 
 0.57647538  1.32185159 
         99         100 
 1.13855322  0.49906392 
        101         102 
 1.51502850  0.03654515 
        103         104 
 1.31283114  1.97051230 
        105         106 
 1.41566854  1.38051101 
        107         108 
 0.67237203  0.48003479 
        109         110 
-0.63690251  0.89649188 
        111         112 
 1.70914289  1.31286530 
          1           2 
 0.44732063  0.52445041 
          3           4 
 0.17621531  1.70056228 
          5           6 
 1.34984382  1.94568826 
          7           8 
 0.74431499  1.19913665 
          9          10 
 1.46797577 -0.91423264 
         11          12 
-1.49125864 -1.27504369 
         13          14 
 1.41835928 -3.80276181 
         15          16 
-1.17838555  0.34034296 
         17          18 
 1.65249117  1.10385252 
         19          20 
-1.17094728  1.84069648 
         21          22 
 2.22205548 -0.90096987 
         23          24 
 0.83109437 -0.32809227 
         25          26 
-1.76891397 -3.12869478 
         27          28 
-0.09850544  1.35936418 
         29          30 
 1.26455316  0.24765923 
         31          32 
 0.21907112  0.31590469 
         33          34 
-0.82572950  1.45083821 
         35          36 
-2.06705934 -0.58430349 
         37          38 
-0.78268195 -1.47780365 
         39          40 
-1.85932938 -1.23337304 
         41          42 
-0.86864957  0.34892375 
         43          44 
-0.43713794 -1.74878432 
         45          46 
-0.06644278 -1.15857766 
         47          48 
 1.89597925 -0.31257866 
         49          50 
-1.08956763  0.20046358 
         51          52 
-0.34436029  0.13107328 
         53          54 
-0.73721223 -0.38831909 
         55          56 
 0.58520463  1.18375215 
         57          58 
 0.64162918  0.40895588 
         59          60 
 0.33218046 -0.51818640 
         61          62 
 3.00416731  0.67333844 
         63          64 
-0.20579940 -0.30631653 
         65          66 
 0.07750898  0.71384558 
         67          68 
 1.19499958 -0.42017242 
         69          70 
-0.34924779 -0.14481091 
         71          72 
-0.50485854 -1.15236437 
         73          74 
-1.31717204 -0.53361340 
         75          76 
 1.76855651  0.74824368 
         77          78 
 1.16477963  0.13804481 
         79          80 
 0.30234219  0.10056101 
         81          82 
 1.47382226  0.26672486 
         83          84 
 0.75153599  0.97190922 
         85          86 
 0.70851001  0.54070189 
         87          88 
 0.28285780  0.43492991 
         89          90 
-1.89393446  0.19052859 
         91          92 
 0.03260435  0.47121477 
         93          94 
-0.94215791  0.20309926 
         95          96 
-0.15214365 -0.73695313 
         97          98 
 0.38529383 -0.46234591 
         99         100 
-0.28099097  0.35681165 
        101         102 
-0.67616617  0.74767421 
        103         104 
-0.54558542 -1.20483613 
        105         106 
-0.67685327 -0.64566409 
        107         108 
 0.04193043  0.20309477 
        109         110 
 1.17158186 -0.52075794 
        111         112 
-1.37970549 -1.06081372 
Analysis of Variance Table

Response: sqsalary
           Df  Sum Sq Mean Sq
GP          1 178.151 178.151
GS          1  49.435  49.435
nlatt       1   5.467   5.467
nlattcom    1   2.574   2.574
nlcompPer   1   1.258   1.258
nlyds       1   0.460   0.460
YDS.ATT     1   8.678   8.678
nltd        1   5.894   5.894
Residuals 103 136.482   1.325
           F value    Pr(>F)    
GP        134.4466 < 2.2e-16 ***
GS         37.3073 1.811e-08 ***
nlatt       4.1258   0.04481 *  
nlattcom    1.9422   0.16642    
nlcompPer   0.9496   0.33210    
nlyds       0.3470   0.55709    
YDS.ATT     6.5489   0.01195 *  
nltd        4.4478   0.03737 *  
Residuals                       
---
Signif. codes:    0 ‘***’ 0.001 ‘**’ 0.01 ‘*’
  0.05 ‘.’ 0.1 ‘ ’ 1
             (Intercept)
(Intercept)  0.152719377
GP          -0.007923305
GS           0.004390266
nlatt       -0.041252455
nlattcom     0.013777962
nlcompPer   -0.027925290
nlyds        0.017496427
YDS.ATT     -0.001540001
nltd         0.027616505
                       GP
(Intercept) -7.923305e-03
GP           1.033952e-03
GS          -8.157260e-04
nlatt        3.338487e-04
nlattcom     2.054760e-03
nlcompPer    1.527259e-03
nlyds       -1.699212e-03
YDS.ATT     -9.961742e-05
nltd        -1.252506e-03
                       GS
(Intercept)  4.390266e-03
GP          -8.157260e-04
GS           9.361683e-04
nlatt       -5.464329e-05
nlattcom    -3.550902e-04
nlcompPer   -1.101194e-03
nlyds        9.197034e-04
YDS.ATT      4.529691e-05
nltd        -2.116526e-03
                    nlatt
(Intercept) -4.125246e-02
GP           3.338487e-04
GS          -5.464329e-05
nlatt        2.439627e-01
nlattcom    -2.303458e-01
nlcompPer    6.386229e-03
nlyds       -3.011858e-02
YDS.ATT     -7.151101e-04
nltd         2.028812e-02
                 nlattcom
(Intercept)  0.0137779624
GP           0.0020547602
GS          -0.0003550902
nlatt       -0.2303458497
nlattcom     0.3163729225
nlcompPer    0.0345596446
nlyds       -0.0510323375
YDS.ATT     -0.0003299882
nltd        -0.0521225924
                nlcompPer
(Intercept) -0.0279252895
GP           0.0015272589
GS          -0.0011011943
nlatt        0.0063862292
nlattcom     0.0345596446
nlcompPer    0.0360782977
nlyds       -0.0476243084
YDS.ATT     -0.0004043305
nltd         0.0066668929
                    nlyds
(Intercept)  0.0174964266
GP          -0.0016992115
GS           0.0009197034
nlatt       -0.0301185773
nlattcom    -0.0510323375
nlcompPer   -0.0476243084
nlyds        0.0837099174
YDS.ATT      0.0006923773
nltd        -0.0025863780
                  YDS.ATT
(Intercept) -1.540001e-03
GP          -9.961742e-05
GS           4.529691e-05
nlatt       -7.151101e-04
nlattcom    -3.299882e-04
nlcompPer   -4.043305e-04
nlyds        6.923773e-04
YDS.ATT      1.266897e-03
nltd         2.517692e-04
                     nltd
(Intercept)  0.0276165055
GP          -0.0012525063
GS          -0.0021165257
nlatt        0.0202881182
nlattcom    -0.0521225924
nlcompPer    0.0066668929
nlyds       -0.0025863780
YDS.ATT      0.0002517692
nltd         0.0702163898
$hat
         1          2          3 
0.04820187 0.05316228 0.04195592 
         4          5          6 
0.04010753 0.04105464 0.05047235 
         7          8          9 
0.04042977 0.03953788 0.03916896 
        10         11         12 
0.03716880 0.03332691 0.03223638 
        13         14         15 
0.04894171 0.04163442 0.04185669 
        16         17         18 
0.03933892 0.03754795 0.03544962 
        19         20         21 
0.03579644 0.05096059 0.02899002 
        22         23         24 
0.02953467 0.05346190 0.03706841 
        25         26         27 
0.02418976 0.02344632 0.02474187 
        28         29         30 
0.02212165 0.02955716 0.02189702 
        31         32         33 
0.03491753 0.03295849 0.12104793 
        34         35         36 
0.04728350 0.02090013 0.04835443 
        37         38         39 
0.02516290 0.03914715 0.02917380 
        40         41         42 
0.04281225 0.03988518 0.04898582 
        43         44         45 
0.04546298 0.03826908 0.03649563 
        46         47         48 
0.02611228 0.03345051 0.05585638 
        49         50         51 
0.03741479 0.02784377 0.04536683 
        52         53         54 
0.07693939 0.04125232 0.09674346 
        55         56         57 
0.03163644 0.07555815 0.04574579 
        58         59         60 
0.05382973 0.02932868 0.03338882 
        61         62         63 
0.05223673 0.10925759 0.10640910 
        64         65         66 
0.23037343 0.09517745 0.07868329 
        67         68         69 
0.08985117 0.18200244 0.13413731 
        70         71         72 
0.07046008 0.05026891 0.32408107 
        73         74         75 
0.23366761 0.04989663 0.21241421 
        76         77         78 
0.10502167 0.09233121 0.09204378 
        79         80         81 
0.13195197 0.06907196 0.11902800 
        82         83         84 
0.06429737 0.14952903 0.08727071 
        85         86         87 
0.05774479 0.06951430 0.05551583 
        88         89         90 
0.15390258 0.25405586 0.04126627 
        91         92         93 
0.18978149 0.28205670 0.06625020 
        94         95         96 
0.07331110 0.10407510 0.09481222 
        97         98         99 
0.11791689 0.06026960 0.03957980 
       100        101        102 
0.11141218 0.06581842 0.27459358 
       103        104        105 
0.06372802 0.07568457 0.06245476 
       106        107        108 
0.04565352 0.07590832 0.33184560 
       109        110        111 
0.44120444 0.06492697 0.12370463 
       112 
0.18886697 

$coefficients
      (Intercept)            GP
1   -1.652061e-03  1.739099e-04
2   -2.758301e-03  4.411538e-04
3    1.215479e-03 -4.082540e-05
4   -1.241180e-02  4.888436e-04
5    3.353897e-03  3.061411e-05
6    2.931441e-02 -2.588839e-03
7   -8.360532e-03  1.879073e-04
8   -1.448453e-02  5.374483e-04
9   -1.518305e-02  7.650502e-04
10   4.684160e-03 -3.012624e-04
11   7.273562e-03  4.501041e-05
12   4.499556e-03  1.073589e-04
13  -1.389055e-02  1.213612e-03
14   5.945960e-02 -1.706233e-03
15   2.581304e-02 -1.270338e-03
16  -5.032765e-03  2.205344e-04
17  -2.849923e-02  1.270662e-03
18  -1.213293e-02  3.911883e-04
19   1.402425e-02 -7.829345e-05
20  -3.694352e-02  2.275138e-03
21   2.731801e-02 -2.030668e-03
22  -1.167779e-02  9.445539e-04
23   2.468097e-02 -2.130583e-03
24   6.992896e-03 -3.374814e-04
25   1.329974e-02 -1.729422e-03
26   1.355755e-02 -7.683026e-04
27  -9.241543e-04  1.876039e-05
28   1.750020e-02 -1.557343e-03
29   2.211998e-02 -1.440907e-03
30  -2.656617e-03  2.798744e-04
31   5.976512e-03 -5.046353e-04
32  -4.971991e-03  8.339351e-04
33  -3.942161e-02  3.292020e-03
34   3.030517e-02 -3.144402e-03
35   1.499536e-02 -7.285292e-04
36  -1.687378e-02  6.543906e-04
37  -1.369533e-02  1.342809e-03
38  -1.541343e-02 -1.702732e-03
39  -1.144887e-02  3.194726e-03
40   1.859182e-02 -3.956770e-03
41   1.717975e-02 -2.059243e-03
42   2.815786e-03  2.570594e-04
43  -2.940882e-03 -7.452288e-04
44  -5.595734e-02  3.754780e-03
45  -4.614608e-04  1.245289e-04
46   1.846496e-03 -1.278357e-03
47   3.521069e-02 -1.516541e-03
48   2.842955e-03 -1.156438e-03
49  -1.733655e-03  1.630243e-04
50   3.954635e-03 -3.950655e-04
51   3.177874e-03 -1.172356e-06
52  -1.992379e-03  2.232721e-04
53  -4.527139e-03  9.005249e-04
54  -7.221461e-03  1.381643e-03
55   1.870395e-03  3.675440e-04
56   8.383653e-04 -1.884251e-03
57  -9.613904e-03  1.783874e-03
58  -6.487794e-04  7.402586e-04
59   4.407620e-03 -5.433898e-04
60  -6.142772e-03  9.058026e-04
61   9.830048e-02 -7.886825e-03
62   1.054034e-02 -1.121376e-03
63  -1.651681e-03  2.179468e-04
64  -1.083302e-02  1.365670e-03
65  -5.260117e-04 -1.665642e-04
66   2.100003e-05 -4.315477e-04
67  -3.790735e-02  2.873555e-03
68   3.643664e-02 -2.775269e-03
69   1.451523e-02 -1.814673e-03
70   3.840963e-04 -1.368394e-05
71  -1.041110e-02  1.023121e-03
72   5.148788e-02 -4.699500e-03
73   1.131550e-02 -6.108233e-03
74   1.434150e-03 -6.576142e-04
75  -8.262825e-02 -2.649241e-04
76   2.582976e-03 -5.695898e-04
77   1.083338e-01 -5.040766e-03
78   1.082390e-02 -5.735390e-04
79   1.700824e-02 -1.200533e-03
80   6.458601e-03  1.431852e-05
81   2.575891e-02  1.043021e-02
82   1.313727e-02  4.504931e-04
83   7.616441e-02 -4.228127e-03
84   3.335629e-02  2.433529e-03
85   5.785276e-03 -9.795597e-04
86   1.146894e-02 -1.570328e-03
87   2.083398e-03 -2.113085e-04
88   4.567640e-02 -2.544214e-03
89  -1.619129e-02  1.682379e-03
90   2.586831e-03 -2.512895e-04
91   8.453976e-04 -8.130030e-05
92  -6.186382e-02  8.710547e-03
93   2.123310e-02  6.745128e-06
94  -3.504109e-03  4.189046e-04
95  -1.855669e-02  8.829215e-04
96  -6.314778e-02  3.559140e-03
97   7.131659e-03  2.749552e-03
98  -2.204248e-02 -5.707598e-04
99  -2.418199e-03  2.398874e-04
100  6.906511e-03  2.217064e-03
101 -3.288987e-02 -1.470269e-03
102 -6.740685e-02  7.074526e-03
103 -3.462449e-02 -4.410805e-04
104 -8.415999e-02  3.312291e-03
105 -2.194974e-02  2.155182e-03
106 -1.372687e-02  1.127238e-03
107  2.060523e-03  1.062058e-04
108 -9.746861e-04 -4.493106e-04
109 -2.442016e-02 -5.640776e-03
110 -3.211660e-02 -1.707295e-04
111 -6.345383e-02  4.714719e-03
               GS         nlatt
1    2.486199e-04  0.0038259651
2    2.320947e-04 -0.0094251188
3    1.896452e-05 -0.0011827429
4    1.144340e-03 -0.0186764568
5    4.001964e-04  0.0002383709
6   -4.867440e-04 -0.0052411769
7    5.945549e-04  0.0013218107
8    9.934540e-04 -0.0077559716
9    1.222271e-03 -0.0108309366
10  -5.429824e-04 -0.0025805183
11  -8.987572e-04 -0.0102624368
12  -8.974057e-04 -0.0033963604
13   1.145214e-03  0.0077837312
14  -3.967419e-03  0.0217275160
15  -5.400109e-04 -0.0119130811
16   3.765760e-04  0.0006756120
17   7.901171e-04  0.0348068162
18   1.068103e-03 -0.0152006776
19  -1.320017e-03 -0.0026757993
20   2.209471e-03 -0.0066369198
21   8.719325e-04  0.0076884866
22  -3.801349e-04 -0.0083490036
23  -9.325165e-05 -0.0038320005
24  -2.261676e-04  0.0001376031
25   1.095386e-03  0.0141616310
26  -7.065674e-04 -0.0248794157
27   9.616541e-05  0.0005145985
28   7.901781e-04  0.0038390956
29   3.794158e-04 -0.0349361189
30  -2.559568e-04  0.0022097493
31   5.869580e-05 -0.0037672549
32  -1.017418e-03  0.0033566831
33   9.237417e-04 -0.0006041354
34  -2.849481e-04  0.0088198590
35  -3.262481e-04  0.0006517279
36   1.123987e-03  0.0012692745
37  -1.672406e-04 -0.0096926241
38   4.200645e-03  0.0320991217
39  -2.902728e-03 -0.0300841571
40   3.524289e-03  0.0110270392
41   2.406194e-03 -0.0004988375
42  -8.890670e-04  0.0169604211
43   1.559442e-03 -0.0040551105
44  -2.447196e-04  0.0022458090
45  -1.236306e-04  0.0004873299
46   1.373928e-03  0.0172387837
47  -6.306575e-04 -0.0433313657
48   1.374903e-03  0.0052180088
49  -7.059180e-04  0.0030691551
50   1.646966e-04 -0.0018017505
51  -9.846678e-05 -0.0039434523
52  -4.263494e-04 -0.0002502614
53  -5.390739e-04 -0.0021749303
54  -4.316328e-04 -0.0149879218
55  -6.721022e-04  0.0033717075
56   2.662648e-03 -0.0190104108
57  -1.482725e-03 -0.0095001809
58  -1.115125e-03  0.0163272623
59   3.010974e-04  0.0002137271
60  -4.616936e-04 -0.0191754198
61   3.471471e-03 -0.0708573405
62   1.712889e-03 -0.0442487705
63  -4.922728e-04  0.0155355561
64  -1.458301e-03  0.0384059292
65   2.772444e-04  0.0054822733
66   1.446722e-03 -0.0064873559
67  -4.081951e-04  0.0174296206
68   1.013132e-03 -0.0256763191
69   1.907868e-03 -0.0192332795
70  -1.410863e-04  0.0037398262
71  -9.847268e-04  0.0120982224
72   2.354717e-03  0.0423080297
73   7.230564e-03  0.1619844549
74   3.764863e-04  0.0203018697
75   1.154393e-02  0.1157160853
76   1.510045e-03 -0.0494089464
77   5.607601e-03 -0.0360136820
78   7.292261e-04 -0.0045399654
79   2.768685e-04 -0.0249752723
80   3.191613e-05 -0.0029301504
81  -1.072940e-02 -0.0485891150
82  -2.521250e-04 -0.0078192995
83   2.408666e-03  0.0861468634
84  -2.191654e-03 -0.0331444826
85   1.324682e-03  0.0047111625
86   1.718062e-03 -0.0132900371
87   2.636668e-04  0.0112221103
88   1.354428e-03  0.0500044189
89  -1.587218e-02 -0.2597639029
90   2.257508e-04  0.0035493118
91  -8.785804e-06  0.0050930856
92  -6.959460e-03  0.0040986673
93  -2.892657e-03 -0.0308644999
94  -8.483785e-05  0.0004665077
95  -4.581037e-04  0.0052440217
96  -3.721843e-03  0.0254405320
97  -2.813345e-03 -0.0124978188
98   4.227016e-04  0.0145024660
99  -1.442354e-04 -0.0119550237
100 -2.273779e-03 -0.0119608586
101  1.217358e-03  0.0199774112
102 -7.099787e-03  0.1467162724
103  7.802404e-04  0.0165985684
104 -4.410095e-03  0.0388153908
105 -1.392604e-03 -0.0109711777
106 -3.548315e-04 -0.0150243868
107 -1.514986e-04 -0.0013725746
108 -5.289599e-05  0.0514541148
109  4.743558e-03 -0.1412541721
110  7.239663e-04  0.0171230049
111 -8.455882e-04  0.0977784121
         nlattcom     nlcompPer
1   -5.500856e-03  3.184987e-05
2    1.500917e-02  3.685479e-03
3    7.017692e-05  3.856032e-04
4    1.318760e-02  1.145065e-03
5   -3.147403e-03  3.145853e-03
6   -2.024093e-02  5.729460e-03
7   -1.814224e-03  7.901174e-04
8    1.310757e-02  2.872633e-03
9    1.634533e-02  2.251409e-03
10  -2.805545e-03 -3.647066e-03
11   7.817191e-03 -3.591214e-03
12   7.521128e-03  1.128717e-03
13   1.541698e-02  8.533402e-03
14  -4.521646e-02 -1.167924e-02
15   3.329803e-03 -1.944877e-03
16   2.250530e-03  6.297335e-04
17  -3.725761e-02 -3.995988e-03
18   2.419481e-02  2.896864e-03
19   2.277311e-03  1.423300e-03
20   5.799280e-02  1.545032e-02
21  -2.150620e-02 -5.723109e-03
22   1.756332e-02  2.507075e-03
23  -1.719833e-02 -4.314252e-03
24  -3.942664e-03 -7.293203e-04
25  -2.433269e-02 -4.912173e-03
26   2.052963e-02  4.418081e-03
27   5.030286e-05  1.269329e-05
28  -5.248109e-03 -3.522000e-04
29   4.358934e-02  5.506051e-03
30  -7.038577e-05  3.829587e-04
31   7.982111e-04 -6.043919e-04
32  -4.224746e-03 -3.316485e-04
33   4.390288e-02  8.224693e-03
34  -3.714611e-02 -7.774307e-03
35  -1.409929e-02  8.648756e-03
36   1.103115e-02  1.859423e-03
37   1.554615e-02  4.274108e-03
38  -1.746244e-02  2.255875e-03
39   3.430191e-02  1.851587e-02
40  -3.217869e-02 -3.706723e-03
41  -1.054301e-02 -3.422446e-03
42  -2.089990e-02 -1.559578e-03
43   4.537750e-03 -2.365727e-03
44   2.556655e-02  1.640857e-02
45  -6.961516e-04  6.165929e-04
46  -2.941566e-02  6.063292e-04
47   7.312860e-02  1.086340e-02
48  -8.775420e-03 -2.490834e-03
49  -1.743767e-02  7.987997e-03
50   2.464923e-03 -6.175198e-04
51   1.076360e-04  2.821932e-03
52  -4.421252e-05  5.534931e-05
53   2.338124e-03  9.415704e-03
54   2.456228e-02  5.136616e-03
55   9.715496e-03  4.628016e-03
56   4.110766e-02 -1.190662e-02
57   1.416905e-02 -2.041456e-03
58  -7.248179e-03  8.577364e-03
59  -2.228810e-03 -2.655390e-03
60   2.210544e-02  3.635094e-03
61   5.130323e-02  3.785625e-02
62   4.422408e-02  1.945417e-02
63  -1.078501e-02 -2.935178e-03
64   9.158679e-04  1.311068e-02
65  -6.623176e-03  8.416680e-04
66   2.154983e-02 -6.107960e-03
67   8.163372e-03 -1.258390e-02
68   4.321014e-02  1.638743e-03
69   4.140454e-02  2.757902e-03
70  -8.152791e-03 -2.954462e-05
71  -1.560699e-02  1.146612e-03
72  -2.068837e-01 -1.455889e-01
73  -3.492382e-03  3.837182e-02
74  -2.697637e-02 -1.765054e-03
75  -1.906358e-01 -2.496165e-02
76   5.088442e-02  2.226375e-02
77   3.341543e-02 -2.170123e-02
78   4.373683e-03 -2.633233e-03
79   8.804091e-03  2.025575e-03
80   3.277093e-03 -1.202183e-03
81   5.740276e-02 -6.242918e-03
82   9.425276e-03 -2.645735e-03
83  -9.456525e-02 -1.409867e-02
84   3.392331e-02 -1.038796e-02
85  -5.806350e-03 -1.003441e-02
86   1.263265e-02 -7.966611e-03
87  -1.854504e-03  5.034804e-03
88  -5.566918e-02 -8.366660e-03
89   1.763915e-01  2.021875e-02
90  -1.758344e-03  3.671159e-04
91  -7.624016e-03 -6.053063e-04
92   3.872424e-02  2.961832e-02
93   5.436411e-03 -1.270305e-02
94   7.749564e-03  1.460570e-03
95  -2.029080e-03  3.383103e-03
96  -2.000358e-02  1.523367e-02
97   1.507463e-02 -1.523371e-03
98  -1.522025e-02  5.235143e-03
99   1.124520e-02 -5.232431e-04
100  1.354047e-02 -1.991447e-03
101 -2.319817e-02  6.349261e-03
102 -1.945470e-01 -1.418032e-02
103 -1.553038e-02  6.345402e-03
104 -3.819591e-02  2.040922e-02
105  3.489091e-02  1.190471e-02
106  1.325108e-02 -1.007854e-02
107  1.206233e-03 -4.294315e-04
108 -3.475540e-02  1.674890e-02
109  1.906135e-01  1.975868e-02
110 -1.360127e-02  6.889246e-03
111 -6.751412e-02 -3.479229e-02
            nlyds       YDS.ATT
1    1.405829e-04 -1.260154e-03
2   -4.972155e-03 -1.742994e-03
3   -1.521003e-04 -3.387517e-04
4    2.097534e-03  1.846246e-04
5   -3.570178e-03 -3.105000e-03
6   -3.297863e-03  3.870306e-03
7   -1.049495e-03  9.315438e-04
8   -4.329861e-03  8.581543e-04
9   -3.032187e-03 -8.223181e-04
10   6.312549e-03  1.465737e-03
11   6.915428e-03 -4.937921e-04
12  -1.695710e-03  1.391373e-04
13  -1.719671e-02 -4.898586e-03
14   1.758094e-02 -6.561390e-03
15   5.558803e-03 -2.270237e-03
16  -1.513339e-03 -1.707749e-04
17   2.876310e-03  1.719699e-03
18  -4.583829e-03  7.462572e-04
19  -1.341710e-03 -2.012476e-03
20  -3.167368e-02 -3.097713e-03
21   7.060007e-03 -3.590626e-03
22  -3.952496e-03  1.309848e-03
23   9.245509e-03  1.917619e-03
24   1.698977e-03 -5.594046e-04
25   6.906825e-03  3.154397e-04
26  -1.222259e-03  1.649830e-03
27  -1.655478e-04  1.996629e-06
28  -9.784454e-04 -1.366662e-03
29  -7.618002e-03 -1.248070e-03
30  -1.225175e-03  2.353676e-04
31   1.512064e-03  2.667055e-04
32   8.318614e-04  2.276591e-04
33  -1.982775e-02 -4.509929e-03
34   1.394706e-02  5.602971e-03
35  -7.331123e-03 -1.688994e-03
36  -5.678603e-03  4.501160e-04
37  -4.889500e-03 -8.356417e-04
38  -1.256063e-02  3.425164e-03
39  -1.802766e-02 -3.991411e-03
40   6.021008e-03  4.237309e-03
41   5.778735e-03 -2.969613e-03
42   1.899100e-03 -9.561161e-04
43   1.958440e-03  1.373068e-03
44  -2.668255e-02  4.185701e-03
45  -6.623755e-04 -1.918218e-04
46  -1.298077e-03  2.011841e-03
47  -1.636393e-02 -3.542677e-03
48   1.924466e-03  1.311723e-03
49  -6.581872e-03  1.911830e-03
50   7.343668e-04  1.310917e-04
51  -2.171491e-03 -1.042859e-03
52   4.204979e-04  9.240681e-04
53  -1.106467e-02 -1.670649e-03
54  -7.089420e-03 -3.144456e-03
55  -8.123307e-03 -1.252633e-03
56   1.032084e-02  3.916056e-03
57   5.860683e-03 -1.438773e-03
58  -1.195855e-02 -1.574305e-03
59   4.538964e-03  3.207802e-04
60  -4.520576e-03 -3.765071e-04
61  -1.378368e-02 -5.759671e-03
62  -1.095671e-02 -1.434149e-03
63  -2.079054e-03  2.702029e-04
64  -3.524788e-02 -5.024324e-04
65  -4.114172e-04  1.733871e-04
66   6.309785e-03 -1.576531e-03
67   1.293715e-02  7.867132e-04
68  -1.303513e-02 -2.228664e-03
69  -1.358779e-02 -7.687638e-04
70   3.611333e-04  1.740078e-04
71  -3.551455e-03  1.170011e-03
72   1.984460e-01 -4.808961e-03
73  -1.347004e-01  2.602697e-03
74  -1.654631e-03  1.317925e-03
75   7.110086e-02 -1.363914e-04
76  -1.285187e-02 -1.645217e-04
77   7.214915e-03 -3.349625e-03
78   9.439841e-04  2.385834e-04
79   7.510386e-03 -4.158241e-04
80   2.162458e-06 -3.646166e-04
81  -9.088253e-03  1.801578e-03
82  -5.019534e-04 -5.962147e-04
83  -4.368956e-03 -2.305101e-03
84   5.415553e-04  4.826625e-03
85   1.470760e-02 -1.052858e-03
86   1.251081e-02 -5.026608e-04
87  -8.353052e-03 -1.035691e-03
88  -2.239078e-03 -1.319834e-03
89   5.201736e-02  3.104496e-03
90  -4.070009e-04 -5.527476e-04
91   1.276091e-03 -1.059611e-04
92  -3.703061e-02 -2.997714e-03
93   1.741641e-02  2.406534e-04
94  -2.951867e-03 -6.921881e-04
95  -2.024530e-03  2.101292e-04
96  -7.087276e-03 -2.467464e-03
97  -2.555493e-03  1.362850e-04
98  -2.971367e-04 -5.904661e-04
99   4.376061e-04  6.732368e-04
100 -1.629933e-03  9.452466e-04
101  1.351139e-03  1.508978e-03
102  3.033625e-02  3.863498e-03
103 -6.878870e-04  1.099373e-03
104 -6.283693e-03 -1.956350e-03
105 -2.346704e-02  1.999129e-03
106  9.903390e-03  1.382515e-03
107  4.206517e-05  6.158135e-05
108 -2.832096e-02  1.094698e-03
109 -2.197913e-02  3.896289e-02
110 -2.090851e-03 -9.955167e-04
111  1.115367e-02 -7.443286e-04
             nltd
1    4.808847e-03
2    1.733159e-03
3    3.704447e-03
4    1.232372e-02
5    2.082840e-02
6    7.253519e-02
7    4.672684e-03
8    1.511777e-03
9    8.986280e-05
10  -5.805722e-03
11  -1.480307e-02
12  -1.013522e-02
13  -5.842618e-03
14   7.487947e-03
15   3.694000e-03
16  -2.119597e-03
17   2.011037e-03
18  -4.899956e-03
19   1.442178e-03
20  -3.349784e-02
21   3.253993e-02
22  -1.671002e-02
23   3.227581e-02
24   3.582125e-03
25  -6.407915e-03
26  -7.378470e-03
27  -1.790472e-03
28   1.493530e-02
29   1.168050e-02
30   1.567882e-04
31   5.124897e-03
32   3.380241e-03
33  -5.590549e-02
34   4.091356e-02
35   2.684845e-02
36  -2.059446e-02
37  -8.845364e-03
38  -2.373887e-02
39   1.590156e-02
40   1.485227e-02
41   2.451242e-03
42   7.480735e-03
43  -9.795041e-03
44  -2.216302e-02
45   1.290202e-03
46   1.558755e-02
47  -6.442223e-03
48  -3.313327e-04
49   3.147305e-02
50  -1.245237e-03
51   9.553127e-03
52   6.546522e-04
53   1.520428e-02
54  -5.833359e-03
55  -5.601298e-03
56  -5.680550e-02
57  -1.705343e-02
58   5.537341e-03
59  -4.186389e-03
60   2.902277e-03
61   4.138851e-02
62   4.886706e-03
63   5.163938e-05
64   5.276130e-04
65   5.823496e-04
66  -4.024844e-02
67  -7.373144e-02
68   6.989482e-03
69  -9.881560e-03
70   7.411310e-03
71   1.379348e-02
72  -2.487872e-02
73  -2.717120e-02
74   1.611147e-02
75  -8.014671e-02
76   2.790504e-03
77  -1.265151e-02
78  -2.528625e-03
79   1.311521e-02
80  -5.892772e-04
81   1.070982e-02
82  -2.012649e-03
83   2.454531e-02
84  -2.700422e-03
85  -2.662140e-02
86  -2.253451e-02
87  -3.517006e-03
88   1.558529e-02
89   1.258919e-01
90  -3.198988e-03
91   1.847963e-03
92  -1.374171e-02
93   3.475981e-02
94  -9.961573e-03
95  -3.378741e-03
96   7.113839e-03
97   2.729892e-03
98   1.905050e-03
99   1.938679e-03
100  2.028413e-03
101  2.114082e-03
102  2.006292e-02
103 -3.293569e-03
104  1.751478e-02
105  2.055970e-03
106 -9.996270e-03
107  5.040658e-04
108  1.620013e-02
109 -6.518125e-02
110 -4.965805e-03
111 -6.132927e-02
 [ reached getOption("max.print") -- omitted 1 row ]

$sigma
       1        2        3 
1.155854 1.155514 1.156608 
       4        5        6 
1.143907 1.148665 1.139725 
       7        8        9 
1.154296 1.150384 1.147202 
      10       11       12 
1.153061 1.146955 1.149605 
      13       14       15 
1.147747 1.090929 1.150588 
      16       17       18 
1.156234 1.144659 1.151380 
      19       20       21 
1.150704 1.141516 1.134992 
      22       23       24 
1.153195 1.153649 1.156272 
      25       26       27 
1.143076 1.113458 1.156703 
      28       29       30 
1.148710 1.149741 1.156480 
      31       32       33 
1.156535 1.156308 1.153453 
      34       35       36 
1.147344 1.138102 1.155224 
      37       38       39 
1.154079 1.147073 1.141555 
      40       41       42 
1.149991 1.153410 1.156203 
      43       44       45 
1.155897 1.143190 1.156726 
      46       47       48 
1.150890 1.140876 1.156307 
      49       50       51 
1.151507 1.156570 1.156219 
      52       53       54 
1.156667 1.154341 1.156038 
      55       56       57 
1.155246 1.150304 1.154916 
      58       59       60 
1.155996 1.156264 1.155568 
      61       62       63 
1.115663 1.154587 1.156545 
      64       65       66 
1.156229 1.156717 1.154399 
      67       68       69 
1.150077 1.155831 1.156148 
      70       71       72 
1.156650 1.155608 1.148390 
      73       74       75 
1.147111 1.155475 1.139792 
      76       77       78 
1.154091 1.150394 1.156657 
      79       80       81 
1.156299 1.156699 1.146249 
      82       83       84 
1.156423 1.153928 1.152351 
      85       86       87 
1.154486 1.155413 1.156386 
      88       89       90 
1.155798 1.136185 1.156585 
      91       92       93 
1.156740 1.155434 1.152710 
      94       95       96 
1.156557 1.156636 1.154200 
      97       98       99 
1.156032 1.155781 1.156397 
     100      101      102 
1.156138 1.154670 1.153475 
     103      104      105 
1.155397 1.150071 1.154673 
     106      107      108 
1.154893 1.156737 1.156484 
     109      110      111 
1.146289 1.155516 1.147503 
     112 
1.150851 

$wt.res
          1           2 
 0.44732063  0.52445041 
          3           4 
 0.17621531  1.70056228 
          5           6 
 1.34984382  1.94568826 
          7           8 
 0.74431499  1.19913665 
          9          10 
 1.46797577 -0.91423264 
         11          12 
-1.49125864 -1.27504369 
         13          14 
 1.41835928 -3.80276181 
         15          16 
-1.17838555  0.34034296 
         17          18 
 1.65249117  1.10385252 
         19          20 
-1.17094728  1.84069648 
         21          22 
 2.22205548 -0.90096987 
         23          24 
 0.83109437 -0.32809227 
         25          26 
-1.76891397 -3.12869478 
         27          28 
-0.09850544  1.35936418 
         29          30 
 1.26455316  0.24765923 
         31          32 
 0.21907112  0.31590469 
         33          34 
-0.82572950  1.45083821 
         35          36 
-2.06705934 -0.58430349 
         37          38 
-0.78268195 -1.47780365 
         39          40 
-1.85932938 -1.23337304 
         41          42 
-0.86864957  0.34892375 
         43          44 
-0.43713794 -1.74878432 
         45          46 
-0.06644278 -1.15857766 
         47          48 
 1.89597925 -0.31257866 
         49          50 
-1.08956763  0.20046358 
         51          52 
-0.34436029  0.13107328 
         53          54 
-0.73721223 -0.38831909 
         55          56 
 0.58520463  1.18375215 
         57          58 
 0.64162918  0.40895588 
         59          60 
 0.33218046 -0.51818640 
         61          62 
 3.00416731  0.67333844 
         63          64 
-0.20579940 -0.30631653 
         65          66 
 0.07750898  0.71384558 
         67          68 
 1.19499958 -0.42017242 
         69          70 
-0.34924779 -0.14481091 
         71          72 
-0.50485854 -1.15236437 
         73          74 
-1.31717204 -0.53361340 
         75          76 
 1.76855651  0.74824368 
         77          78 
 1.16477963  0.13804481 
         79          80 
 0.30234219  0.10056101 
         81          82 
 1.47382226  0.26672486 
         83          84 
 0.75153599  0.97190922 
         85          86 
 0.70851001  0.54070189 
         87          88 
 0.28285780  0.43492991 
         89          90 
-1.89393446  0.19052859 
         91          92 
 0.03260435  0.47121477 
         93          94 
-0.94215791  0.20309926 
         95          96 
-0.15214365 -0.73695313 
         97          98 
 0.38529383 -0.46234591 
         99         100 
-0.28099097  0.35681165 
        101         102 
-0.67616617  0.74767421 
        103         104 
-0.54558542 -1.20483613 
        105         106 
-0.67685327 -0.64566409 
        107         108 
 0.04193043  0.20309477 
        109         110 
 1.17158186 -0.52075794 
        111         112 
-1.37970549 -1.06081372 

